0 3085 natregimes FIPSNO
27077 27029          85.317256
27077 27071         62.8280343
27077 27113         71.2268429
27077 27007         55.0477501
27077 27125         82.8880476
27077 27089         72.5605536
27077 27135         41.4419428
27077 27069          85.575737
53019 53047         56.2119925
53019 53017         73.9224123
53019 53043          62.098892
53019 53065         30.7657532
53019 53063         78.0719889
53019 16017          88.818838
53019 53051         57.0811787
53065 53047         86.9455905
53065 53043         62.4997339
53065 53019         30.7657532
53065 53063         57.5552507
53065 16055          73.311824
53065 16017         58.0849127
53065 53051         28.2624705
53065 16021         68.2520433
53047 53007         62.0289966
53047 53017         56.1386895
53047 53057         90.7426655
53047 53019         56.2119925
53047 53065         86.9455905
53051 53043          84.756314
53051 53019         57.0811787
53051 53065         28.2624705
53051 53063         63.3674441
53051 16055         65.2946064
53051 16017         35.0666455
53051 16021         40.0427296
53051 30053          85.357704
16021 53065         68.2520433
16021 53063         90.0445765
16021 16055         76.4343876
16021 16017         33.1357554
16021 53051         40.0427296
16021 30053         50.9424949
30053 16079         85.5731347
30053 30089         61.5138745
30053 30047         86.7989737
30053 16055         84.5691657
30053 16017         57.2150433
30053 53051          85.357704
30053 16021         50.9424949
30053 30029         64.4086666
30029 30063         87.1865531
30029 30061         90.7088803
30029 30089          65.902908
30029 30047         44.9684302
30029 30099         89.1528788
30029 30053         64.4086666
30029 30073         83.8116996
30029 30035         56.0779409
30035 30047         89.0862018
30035 30099          69.241095
30035 30073         48.2306617
30035 30029         56.0779409
30035 30101         59.3845113
30035 30051         90.4780047
30101 30015         78.8041785
30101 30099         62.0222844
30101 30073         38.6227553
30101 30035         59.3845113
30101 30051         31.2939252
30101 30041         72.3968509
30051 30013         87.7217441
30051 30015         54.2102162
30051 30099         75.2635865
30051 30073         60.0234786
30051 30035         90.4780047
30051 30101         31.2939252
30051 30041         42.0893156
30041 30015         53.7782004
30041 30101         72.3968509
30041 30051         42.0893156
30041 30005         54.3247311
30091 38105         53.4775518
30091 38013         90.8591812
30091 38023         46.8818673
30091 30019         47.7231015
30091 30083         64.4481271
30091 38053         84.5785762
30091 30085          37.714271
38023 38105         32.4226676
38023 38061          67.043905
38023 38075          83.561978
38023 38013         44.3086745
38023 30091         46.8818673
38023 30083         86.6490502
38023 38053         74.3637761
38023 30085         78.9733965
38013 38105         53.7880947
38013 38061         41.3954965
38013 38101         59.5150056
38013 38009         76.4499529
38013 38075         39.3159583
38013 30091         90.8591812
38013 38023         44.3086745
38013 38053          83.142113
38075 38105          87.222243
38075 38061         47.8505969
38075 38101          34.716811
38075 38049         57.4864294
38075 38069         83.6145323
38075 38079         82.7231812
38075 38009         37.8389442
38075 38013         39.3159583
38075 38023          83.561978
38075 38055         78.1737863
38009 38083         86.8348716
38009 38061         80.5520076
38009 38101         50.7499455
38009 38049         39.3551996
38009 38069         54.2179159
38009 38005         83.4929651
38009 38095         72.7725385
38009 38079         45.1126896
38009 38075         37.8389442
38009 38013         76.4499529
38009 38055         84.5377216
38079 38083         85.6758983
38079 38103         81.9168163
38079 38027         84.4093604
38079 38101         86.3093134
38079 38049         51.7460816
38079 38069         36.4222237
38079 38005          52.922317
38079 38071         61.8981539
38079 38095         27.9000555
38079 38019         63.0483431
38079 38009         45.1126896
38079 38075         82.7231812
38095 38031         86.4524748
38095 38063         71.6416997
38095 38103         78.1447639
38095 38027         68.5633913
38095 38049         70.9409559
38095 38069         45.0263001
38095 38005         42.8711649
38095 38071          37.486555
38095 38099         73.1585708
38095 38067         77.6679482
38095 38019         36.3010377
38095 38079         27.9000555
38095 38009         72.7725385
38019 38063         60.0474828
38019 38027         75.5737522
38019 38035         74.7741082
38019 38069         78.2148655
38019 38005         63.9723412
38019 38071         36.8880349
38019 38099         43.8289973
38019 38095         36.3010377
38019 27069         76.4082568
38019 38067         41.6285673
38019 38079         63.0483431
38067 38091         90.8441059
38067 38063         65.4599484
38067 38035         58.5277989
38067 27113         84.5984633
38067 27125         90.8339183
38067 27119         86.5914629
38067 38071          63.969074
38067 38099         28.5772497
38067 27089         61.1433208
38067 38095         77.6679482
38067 27135         78.9252846
38067 27069         34.7914762
38067 38019         41.6285673
27069 38063         87.4876183
27069 38035         66.4632257
27069 27113         59.8188777
27069 27125         69.8268465
27069 27119         71.3875142
27069 38099          51.183327
27069 27089           34.68382
27069 27077          85.575737
27069 27135         44.1338197
27069 38067         34.7914762
27069 38019         76.4082568
27135 27029          85.142698
27135 27113         50.1712199
27135 27007           68.40059
27135 27125         63.8084345
27135 27119         74.3343775
27135 27089         38.3016849
27135 27077         41.4419428
27135 27069         44.1338197
27135 38067         78.9252846
30005 30027         81.5594483
30005 30015         78.0998295
30005 30041         54.3247311
30005 30071         49.4451654
30071 30033         80.1401513
30071 30069         80.5916855
30071 30005         49.4451654
30071 30105         57.7403508
30105 30019         58.9350748
30105 30055         63.9737698
30105 30033         76.6790689
30105 30071         57.7403508
30105 30085         75.8194813
30019 30091         47.7231015
30019 30083         82.4228261
30019 30055         79.7235335
30019 30105         58.9350748
30019 30085         41.5093406
53073 53007         82.9265366
53073 53061         53.9242134
53073 53029         61.3546789
53073 53057         24.2032509
16017 16079         73.4333526
16017 30089         80.4090449
16017 16009         74.7780588
16017 53019          88.818838
16017 53065         58.0849127
16017 53063         59.5537765
16017 16055          43.348238
16017 53051         35.0666455
16017 16021         33.1357554
16017 30053         57.2150433
38101 38065         77.0280877
38101 38083         71.0333639
38101 38105         89.7062219
38101 38061         37.5738348
38101 38049         41.5433315
38101 38069         71.9890576
38101 38079         86.3093134
38101 38009         50.7499455
38101 38075          34.716811
38101 38013         59.5150056
38101 38057         64.6907052
38101 38055          43.516323
38101 38025         77.9998416
27071 27029         87.2328805
27071 27061         51.3418809
27071 27137         75.1895668
27071 27007         56.5234758
27071 27077         62.8280343
53057 53047         90.7426655
53057 53007         65.9766449
53057 53033         67.9988972
53057 53035         74.4352764
53057 53061         29.7496192
53057 53029         45.0953914
53057 53073         24.2032509
38105 38061         52.7736603
38105 38101         89.7062219
38105 38075          87.222243
38105 38013         53.7880947
38105 30091         53.4775518
38105 38023         32.4226676
38105 30083         63.2402735
38105 38053         42.0017709
38105 38025         79.0383726
38105 30085         70.9600071
38049 38065         83.9206799
38049 38015         87.3328719
38049 38083         47.5146357
38049 38103         63.3828272
38049 38027         87.6267086
38049 38061          79.117001
38049 38101         41.5433315
38049 38069         30.4495233
38049 38005         59.4605594
38049 38071          88.044214
38049 38095         70.9409559
38049 38079         51.7460816
38049 38009         39.3551996
38049 38075         57.4864294
38049 38057         84.9012295
38049 38055         53.5887873
27137 55031         85.3043189
27137 27017         70.8190356
27137 27001         82.1850211
27137 27061         54.5882708
27137 27075         47.6712699
27137 27071         75.1895668
30085 38105         70.9600071
30085 30091          37.714271
30085 38023         78.9733965
30085 30019         41.5093406
30085 30083         40.9599199
30085 38053         84.2007428
30085 30021         71.4723681
30085 30055         57.6717797
30085 30105         75.8194813
38061 38065         88.7622955
38061 38105         52.7736603
38061 38101         37.5738348
38061 38049          79.117001
38061 38009         80.5520076
38061 38075         47.8505969
38061 38013         41.3954965
38061 38023          67.043905
38061 38057         66.3597926
38061 38053         57.8344264
38061 38055          62.996487
38061 38025         59.5325068
27089 27087         75.6525498
27089 27107         71.3063403
27089 38091         88.6303911
27089 38097         72.4577751
27089 27029         70.3920169
27089 38063         89.5630415
27089 38035         58.6284488
27089 27113         25.1588058
27089 27007         70.7080054
27089 27125         35.6310122
27089 27119          40.360559
27089 38099         62.3745676
27089 27077         72.5605536
27089 27135         38.3016849
27089 27069           34.68382
27089 38067         61.1433208
38071 38031         56.4650487
38071 38039         60.2174941
38071 38091         72.6149277
38071 38093         89.6475057
38071 38083         89.1013514
38071 38063         34.2713308
38071 38103         63.9549927
38071 38027         38.8035337
38071 38035         63.3045113
38071 38049          88.044214
38071 38069         57.5947543
38071 38005         32.7690776
38071 38099         46.6476923
38071 38095          37.486555
38071 38067          63.969074
38071 38019         36.8880349
38071 38079         61.8981539
38099 38031         82.9330433
38099 38039         67.3298077
38099 38091         63.0134545
38099 38097         68.2017201
38099 38063         37.7948309
38099 38027         70.8137131
38099 38035         33.2737212
38099 27113         80.3858469
38099 27125          82.335628
38099 27119         73.6062083
38099 38005         78.7318727
38099 38071         46.6476923
38099 27089         62.3745676
38099 38095         73.1585708
38099 27069          51.183327
38099 38067         28.5772497
38099 38019         43.8289973
27007 27087         60.5049672
27007 27107         83.6517747
27007 27029         34.2539838
27007 27061         68.7075995
27007 27021         76.4850386
27007 27005         79.7269524
27007 27057         59.8351117
27007 27071         56.5234758
27007 27113         51.0681734
27007 27125         54.1655113
27007 27119         69.1158651
27007 27089         70.7080054
27007 27077         55.0477501
27007 27135           68.40059
38069 38031         74.4534682
38069 38043         88.1756307
38069 38083         49.6410449
38069 38063         85.3824829
38069 38103         47.7943569
38069 38027         61.5318623
38069 38101         71.9890576
38069 38049         30.4495233
38069 38005         30.4818267
38069 38071         57.5947543
38069 38095         45.0263001
38069 38019         78.2148655
38069 38079         36.4222237
38069 38009         54.2179159
38069 38075         83.6145323
38069 38055         76.3818855
53007 53047         62.0289966
53007 53017         44.0445818
53007 53037         51.5294193
53007 53033         60.6508738
53007 53061         51.5405612
53007 53057         65.9766449
53007 53073         82.9265366
53007 53025         70.9329615
30073 30049          76.559658
30073 30013         75.3139564
30073 30015         86.1953754
30073 30099         26.8417884
30073 30029         83.8116996
30073 30035         48.2306617
30073 30101         38.6227553
30073 30051         60.0234786
53009 53053         74.9800059
53009 53045         57.9690407
53009 53027         62.4360799
53009 53035         65.1220219
53009 53031         25.6411758
53009 53029          63.283871
38005 38031         47.9713559
38005 38039         67.4184316
38005 38091         87.3263432
38005 38043         77.8335941
38005 38093         77.7408075
38005 38083         56.7822938
38005 38063         55.4719055
38005 38103         35.9194356
38005 38027         32.4427582
38005 38035         89.2268095
38005 38049         59.4605594
38005 38069         30.4818267
38005 38071         32.7690776
38005 38099         78.7318727
38005 38095         42.8711649
38005 38019         63.9723412
38005 38079          52.922317
38005 38009         83.4929651
30015 30045         58.0939391
30015 30027         70.7440791
30015 30013         57.9845588
30015 30099         83.8762447
30015 30073         86.1953754
30015 30101         78.8041785
30015 30051         54.2102162
30015 30041         53.7782004
30015 30005         78.0998295
53061 53007         51.5405612
53061 53037         79.4057137
53061 53053         71.1970579
53061 53045         84.8564233
53061 53033         38.4443133
53061 53035         54.7169643
53061 53029         40.7898472
53061 53057         29.7496192
53061 53073         53.9242134
53029 53067         86.4678793
53029 53053         58.9691877
53029 53045         61.9808608
53029 53027         88.8018825
53029 53033         57.7416707
53029 53035         37.2866342
53029 53031         55.6977147
53029 53009          63.283871
53029 53061         40.7898472
53029 53057         45.0953914
53029 53073         61.3546789
30089 16035         73.4183656
30089 30063         71.5794659
30089 30061         36.8803532
30089 16079         41.8272604
30089 30047         48.4263355
30089 16009         77.8729493
30089 16055         72.7982502
30089 16017         80.4090449
30089 30053         61.5138745
30089 30029          65.902908
27075 55031         85.8065876
27075 55007         77.2955181
27075 27031          46.084246
27075 27137         47.6712699
38063 27107         90.6570164
38063 38031         45.4843797
38063 38039         32.0483905
38063 38091         38.7046984
38063 38097          57.685916
38063 38093         74.3187365
38063 38003         68.3950169
38063 38017         81.2637713
38063 38103         72.1373563
38063 38027          35.954365
38063 38035         34.1719887
38063 27119         83.7489366
38063 38069         85.3824829
38063 38005         55.4719055
38063 38071         34.2713308
38063 38099         37.7948309
38063 27089         89.5630415
38063 38095         71.6416997
38063 27069         87.4876183
38063 38067         65.4599484
38063 38019         60.0474828
38035 27087         86.8461784
38035 27107         62.0239013
38035 38031         73.9002672
38035 38039         48.5537395
38035 38091         34.5090461
38035 38097         34.9325719
38035 38003         74.0495884
38035 38017         68.9291714
38035 27027         84.3558868
38035 38063         34.1719887
38035 38027         68.7977461
38035 27113         66.3294981
38035 27125         62.8873254
38035 27119          49.965446
38035 38005         89.2268095
38035 38071         63.3045113
38035 38099         33.2737212
38035 27089         58.6284488
38035 27069         66.4632257
38035 38067         58.5277989
38035 38019         74.7741082
27119 27087         41.2958451
27119 27107         30.9631329
27119 38039         88.4056098
27119 38091         65.5517374
27119 38097         41.7714505
27119 27029         49.2586575
27119 38017         70.2821157
27119 27005         67.1715544
27119 27027         61.1380077
27119 27057         83.1359173
27119 38063         83.7489366
27119 38035          49.965446
27119 27113         26.2737493
27119 27007         69.1158651
27119 27125         15.5445612
27119 38099         73.6062083
27119 27089          40.360559
27119 27135         74.3343775
27119 27069         71.3875142
27119 38067         86.5914629
27113 27087         52.0997948
27113 27107          54.638035
27113 38091         89.0572327
27113 38097         67.1742595
27113 27029         45.3136643
27113 27005         79.9355944
27113 27027         83.8662198
27113 27057         84.1672286
27113 38035         66.3294981
27113 27007         51.0681734
27113 27125         13.6381819
27113 27119         26.2737493
27113 38099         80.3858469
27113 27089         25.1588058
27113 27077         71.2268429
27113 27135         50.1712199
27113 27069         59.8188777
27113 38067         84.5984633
53017 53047         56.1386895
53017 53007         44.0445818
53017 53037          62.983423
53017 53001         74.0944339
53017 53043         60.0396974
53017 53025         38.3673502
53017 53019         73.9224123
38053 38089         73.2733918
38053 38087         89.7062017
38053 38105         42.0017709
38053 38061         57.8344264
38053 38013          83.142113
38053 30091         84.5785762
38053 38023         74.3637761
38053 38007         49.6309757
38053 38033         59.4475511
38053 30109         66.6129104
38053 38057         78.9370404
38053 30083         54.1870144
38053 38025          44.856087
38053 30021         77.5059272
38053 30085         84.2007428
53031 53067         68.4872584
53031 53053         50.1360664
53031 53045         32.3278717
53031 53049         82.3303524
53031 53027         41.7701515
53031 53033         86.4319636
53031 53035         44.0143844
53031 53009         25.6411758
53031 53029         55.6977147
30083 38105         63.2402735
30083 30091         64.4481271
30083 38023         86.6490502
30083 30019         82.4228261
30083 30079         74.6445636
30083 38007         76.5828204
30083 38033         67.7271252
30083 30109         58.5500195
30083 38053         54.1870144
30083 30021         39.4724832
30083 30055          58.413384
30083 30085         40.9599199
30099 30049         49.8338887
30099 30077         74.8412442
30099 30013         55.3808691
30099 30015         83.8762447
30099 30047         86.8272876
30099 30073         26.8417884
30099 30029         89.1528788
30099 30035          69.241095
30099 30101         62.0222844
30099 30051         75.2635865
30055 30019         79.7235335
30055 30079         57.7018734
30055 30109         86.5115852
30055 30083          58.413384
30055 30021         49.5935674
30055 30033          61.464186
30055 30105         63.9737698
30055 30085         57.6717797
16079 16061         80.7763453
16079 16069         81.8025674
16079 16035         48.0973026
16079 16057         53.4267222
16079 30061          44.058561
16079 30089         41.8272604
16079 30047         86.3334524
16079 53075         82.6055972
16079 16009         37.1011026
16079 53063         73.1518088
16079 16055         43.9333338
16079 16017         73.4333526
16079 30053         85.5731347
53063 53023         82.5225293
53063 16057         64.7998193
53063 16079         73.1518088
53063 53075         50.1828322
53063 53001         69.9374012
53063 16009         44.8008137
53063 53043         47.3637468
53063 53019         78.0719889
53063 53065         57.5552507
53063 16055         32.9634864
53063 16017         59.5537765
53063 53051         63.3674441
53063 16021         90.0445765
30047 30049         87.3128155
30047 30077         76.4856644
30047 30063         42.7753278
30047 30061         54.5774419
30047 16079         86.3334524
30047 30089         48.4263355
30047 30099         86.8272876
30047 30053         86.7989737
30047 30029         44.9684302
30047 30035         89.0862018
27029 27111         82.4066576
27029 27159         71.3367495
27029 27087         26.6137138
27029 27107         53.1763328
27029 38097         83.5676068
27029 27061         81.7508035
27029 27021         65.9159274
27029 27005         46.5961098
27029 27027         70.4124172
27029 27057         39.0460821
27029 27071         87.2328805
27029 27113         45.3136643
27029 27007         34.2539838
27029 27125         39.0460921
27029 27119         49.2586575
27029 27089         70.3920169
27029 27077          85.317256
27029 27135          85.142698
16055 16035         84.9110865
16055 16057          59.503956
16055 30061         87.4204869
16055 16079         43.9333338
16055 30089         72.7982502
16055 53075         65.7926544
16055 16009         31.6787902
16055 53043         80.3054258
16055 53065          73.311824
16055 53063         32.9634864
16055 16017          43.348238
16055 53051         65.2946064
16055 16021         76.4343876
16055 30053         84.5691657
30033 30103         74.7208494
30033 30087         73.4191988
30033 30079         81.6298777
30033 30055          61.464186
30033 30069         59.7598099
30033 30065         85.3248981
30033 30071         80.1401513
30033 30105         76.6790689
27125 27087         40.0217396
27125 27107         41.2137465
27125 38091         80.9962102
27125 38097         57.2695027
27125 27029         39.0460921
27125 38017         84.2063598
27125 27005         67.7780761
27125 27027         70.2426275
27125 27057         76.3397707
27125 38035         62.8873254
27125 27113         13.6381819
27125 27007         54.1655113
27125 27119         15.5445612
27125 38099          82.335628
27125 27089         35.6310122
27125 27077         82.8880476
27125 27135         63.8084345
27125 27069         69.8268465
27125 38067         90.8339183
53025 53071         81.7245398
53025 53005         66.9652176
53025 53007         70.9329615
53025 53017         38.3673502
53025 53037         57.9560777
53025 53077          79.866399
53025 53021         53.2477459
53025 53001         44.5899379
53025 53043         54.6336909
53043 53023         89.0437187
53043 53017         60.0396974
53043 53021         75.3312942
53043 53075         62.7878656
53043 53001         41.4718412
53043 16009          85.978115
53043 53025         54.6336909
53043 53019          62.098892
53043 53065         62.4997339
53043 53063         47.3637468
53043 16055         80.3054258
53043 53051          84.756314
30049 30007         69.1191308
30049 30077         31.4876674
30049 30043         68.9927282
30049 30039         70.0922978
30049 30023         80.0803806
30049 30093         85.2636304
30049 30059         79.5482658
30049 30013         50.6539368
30049 30063         72.4386886
30049 30047         87.3128155
30049 30099         49.8338887
30049 30073          76.559658
53035 53041         72.9674295
53035 53067         49.1820377
53035 53053         21.6837158
53035 53045         30.1462497
53035 53049         87.3994463
53035 53027         60.0794597
53035 53033         42.4233499
53035 53031         44.0143844
53035 53009         65.1220219
53035 53061         54.7169643
53035 53029         37.2866342
53035 53057         74.4352764
27061 27035         74.1034528
27061 27017         77.9167643
27061 27159         89.8956171
27061 27001         63.3771978
27061 27029         81.7508035
27061 27137         54.5882708
27061 27021         50.6517227
27061 27057         66.2799633
27061 27071         51.3418809
27061 27007         68.7075995
38083 38029         89.4465227
38083 38047         87.4045244
38083 38031         68.6847142
38083 38059         73.9272625
38083 38065         56.1734682
38083 38015         41.8038619
38083 38043         48.8863204
38083 38093         76.9000811
38083 38103         31.8500783
38083 38027         67.8257422
38083 38101         71.0333639
38083 38049         47.5146357
38083 38069         49.6410449
38083 38005         56.7822938
38083 38071         89.1013514
38083 38079         85.6758983
38083 38009         86.8348716
38083 38057         71.9820159
38083 38055         45.4393851
38103 38047         78.7099936
38103 38031         37.4499994
38103 38039         67.0678525
38103 38091         90.8506189
38103 38065         84.8724006
38103 38015          56.783934
38103 38043         42.5356937
38103 38093         53.4784196
38103 38003         87.2363929
38103 38083         31.8500783
38103 38063         72.1373563
38103 38027         36.4130959
38103 38049         63.3828272
38103 38069         47.7943569
38103 38005         35.9194356
38103 38071         63.9549927
38103 38095         78.1447639
38103 38079         81.9168163
38103 38055         77.2071703
38055 38037         87.8918534
38055 38059         61.7100247
38055 38089         83.5423765
38055 38065         34.1310767
38055 38015         59.2083129
38055 38043         84.1266213
38055 38083         45.4393851
38055 38103         77.2071703
38055 38061          62.996487
38055 38101          43.516323
38055 38049         53.5887873
38055 38069         76.3818855
38055 38009         84.5377216
38055 38075         78.1737863
38055 38057         31.8441683
38055 38025         63.2120826
38027 38045         89.0195027
38027 38031         18.1101103
38027 38039         35.8835676
38027 38091         57.8571917
38027 38097         83.2425412
38027 38015         89.4441138
38027 38043          65.625257
38027 38093         51.1508177
38027 38003          66.771366
38027 38083         67.8257422
38027 38063          35.954365
38027 38103         36.4130959
38027 38035         68.7977461
38027 38049         87.6267086
38027 38069         61.5318623
38027 38005         32.4427582
38027 38071         38.8035337
38027 38099         70.8137131
38027 38095         68.5633913
38027 38019         75.5737522
38027 38079         84.4093604
38025 38037         83.3115052
38025 38001         87.6757347
38025 38059         77.0700072
38025 38089          38.010829
38025 38065         62.6622575
38025 38041         64.6195661
38025 38087         74.4612665
38025 38105         79.0383726
38025 38061         59.5325068
38025 38101         77.9998416
38025 38007         42.3135772
38025 38033         64.4558323
38025 30109         80.9591978
38025 38057         37.0604885
38025 38053          44.856087
38025 38055         63.2120826
30027 30069         46.7584144
30027 30107         62.7428811
30027 30037          61.200278
30027 30065         65.9462178
30027 30045         51.3511753
30027 30015         70.7440791
30027 30005         81.5594483
30021 30025         68.3206988
30021 38087         88.6618248
30021 30017         76.7984396
30021 30079         35.8692681
30021 38007         73.5146185
30021 38033         54.5391982
30021 30109         36.9220498
30021 30083         39.4724832
30021 38053         77.5059272
30021 30055         49.5935674
30021 30085         71.4723681
53033 53007         60.6508738
53033 53037         58.1010399
53033 53077         87.0797575
53033 53041         69.4179585
53033 53067         63.1853567
53033 53053         47.0109853
53033 53045         66.9874917
53033 53035         42.4233499
53033 53031         86.4319636
53033 53061         38.4443133
53033 53029         57.7416707
53033 53057         67.9988972
30013 30007           67.99252
30013 30049         50.6539368
30013 30077         81.0160619
30013 30043         87.9411666
30013 30059         53.7217378
30013 30045         53.9219683
30013 30015         57.9845588
30013 30099         55.3808691
30013 30073         75.3139564
30013 30051         87.7217441
38039 38047         90.5429626
38039 38045         70.7821969
38039 38073         74.6464133
38039 27107         83.8785204
38039 38031         30.1719838
38039 38091         23.9606918
38039 38097         50.3003367
38039 38043         79.7086821
38039 38093         47.3256542
38039 38003         37.0343816
38039 38017         59.0085156
38039 38063         32.0483905
38039 38103         67.0678525
38039 38027         35.8835676
38039 38035         48.5537395
38039 27119         88.4056098
38039 38005         67.4184316
38039 38071         60.2174941
38039 38099         67.3298077
38091 38045         79.1425596
38091 38073         69.4030578
38091 27087         90.0176207
38091 27107         60.0729012
38091 38031         54.1326715
38091 38039         23.9606918
38091 38097         26.3400168
38091 38093         66.6287865
38091 38003         39.5641014
38091 38017         42.5691209
38091 38077         90.3782522
38091 27027         70.1007929
38091 38063         38.7046984
38091 38103         90.8506189
38091 38027         57.8571917
38091 38035         34.5090461
38091 27113         89.0572327
38091 27125         80.9962102
38091 27119         65.5517374
38091 38005         87.3263432
38091 38071         72.6149277
38091 38099         63.0134545
38091 27089         88.6303911
38091 38067         90.8441059
38097 38073         73.0710338
38097 27087         63.8225388
38097 27107         34.2036837
38097 38031         80.4722211
38097 38039         50.3003367
38097 38091         26.3400168
38097 27029         83.5676068
38097 38093         90.5300391
38097 38003         55.8378259
38097 38017         36.2755726
38097 27167         82.9372327
38097 38077         83.0379108
38097 27005         78.5994485
38097 27027         50.2825675
38097 38063          57.685916
38097 38027         83.2425412
38097 38035         34.9325719
38097 27113         67.1742595
38097 27125         57.2695027
38097 27119         41.7714505
38097 38099         68.2017201
38097 27089         72.4577751
53045 53015          84.865328
53045 53041          66.618072
53045 53067         36.2174586
53045 53053         21.6704888
53045 53069         74.3179857
53045 53049         60.3471707
53045 53027          30.028855
53045 53033         66.9874917
53045 53035         30.1462497
53045 53031         32.3278717
53045 53009         57.9690407
53045 53061         84.8564233
53045 53029         61.9808608
30063 30049         72.4386886
30063 30077         48.0863502
30063 30039         49.3992819
30063 30023         78.8952055
30063 30081         66.7018509
30063 16035           85.47663
30063 30061         51.0203416
30063 30089         71.5794659
30063 30047         42.7753278
30063 30029         87.1865531
30069 30111         81.5612417
30069 30103         77.8521641
30069 30033         59.7598099
30069 30107         87.9954515
30069 30037         67.0778779
30069 30065         43.4776476
30069 30027         46.7584144
30069 30071         80.5916855
30077 30007         77.5957807
30077 30049         31.4876674
30077 30043         63.7330293
30077 30039         39.4493425
30077 30023         55.7014528
30077 30093         67.7555884
30077 30081         77.9191119
30077 30013         81.0160619
30077 30063         48.0863502
30077 30047         76.4856644
30077 30099         74.8412442
53037 53039         86.5068996
53037 53005         82.4594361
53037 53007         51.5294193
53037 53017          62.983423
53037 53077          46.068053
53037 53041         89.5211682
53037 53033         58.1010399
53037 53061         79.4057137
53037 53025         57.9560777
38031 38047          74.544522
38031 38045          71.144998
38031 38073         90.2941154
38031 38039         30.1719838
38031 38091         54.1326715
38031 38097         80.4722211
38031 38015         81.4645775
38031 38043         53.5919388
38031 38093         33.1890281
38031 38003         52.5268815
38031 38017         84.9488273
38031 38083         68.6847142
38031 38063         45.4843797
38031 38103         37.4499994
38031 38027         18.1101103
38031 38035         73.9002672
38031 38069         74.4534682
38031 38005         47.9713559
38031 38071         56.4650487
38031 38099         82.9330433
38031 38095         86.4524748
38057 38037         66.2994024
38057 38001         90.1114608
38057 38085         90.8159836
38057 38059         48.3351675
38057 38089          51.698324
38057 38065         26.8992503
38057 38015         68.1368903
38057 38041         67.4452408
38057 38083         71.9820159
38057 38061         66.3597926
38057 38101         64.6907052
38057 38049         84.9012295
38057 38007         75.0248676
38057 38053         78.9370404
38057 38055         31.8441683
38057 38025         37.0604885
53027 41009         89.7080938
53027 41007         81.1105923
53027 53015         84.2683009
53027 53041          76.236934
53027 53067         47.5480413
53027 53053         48.7397905
53027 53045          30.028855
53027 53069         61.2699871
53027 53049         41.2630505
53027 53035         60.0794597
53027 53031         41.7701515
53027 53009         62.4360799
53027 53029         88.8018825
27107 27111         72.7601968
27107 27159         86.8286458
27107 38073         82.8105042
27107 27087         30.2066257
27107 38039         83.8785204
27107 38091         60.0729012
27107 38097         34.2036837
27107 27029         53.1763328
27107 38003         80.6132083
27107 38017         46.0377589
27107 27167         67.1938788
27107 38077         77.0338223
27107 27005          45.679969
27107 27027         30.1848902
27107 27057         73.8572118
27107 38063         90.6570164
27107 38035         62.0239013
27107 27113          54.638035
27107 27007         83.6517747
27107 27125         41.2137465
27107 27119         30.9631329
27107 27089         71.3063403
27087 27111         63.7284801
27087 27159         64.7996812
27087 27107         30.2066257
27087 38091         90.0176207
27087 38097         63.8225388
27087 27029         26.6137138
27087 38017         72.7406858
27087 27167         73.8961398
27087 27021         74.6044844
27087 27005          27.846355
27087 27027         43.8101157
27087 27057         44.6366399
27087 38035         86.8461784
27087 27113         52.0997948
27087 27007         60.5049672
27087 27125         40.0217396
27087 27119         41.2958451
27087 27089         75.6525498
30061 30039         89.9523481
30061 30081         84.7496764
30061 16035         45.1551954
30061 30063         51.0203416
30061 16057         83.8852938
30061 16079          44.058561
30061 30089         36.8803532
30061 30047         54.5774419
30061 16009         78.0419486
30061 16055         87.4204869
30061 30029         90.7088803
27021 27009         87.8833855
27021 27041         88.3615284
27021 27153         66.4964033
27021 27097         64.8815063
27021 27095         77.5198101
27021 27065         85.0625298
27021 27111          75.529923
27021 27035         34.5914596
27021 27017         82.0064742
27021 27159         39.6585971
27021 27001         49.2668575
27021 27087         74.6044844
27021 27029         65.9159274
27021 27061         50.6517227
27021 27005         63.7186539
27021 27057         29.9740435
27021 27007         76.4850386
23003 23021         65.3744815
23003 23019         86.6386384
30045 30007         76.5208646
30045 30097         86.5154565
30045 30059         42.9580925
30045 30107         44.6829119
30045 30037         69.1632067
30045 30027         51.3511753
30045 30013         53.9219683
30045 30015         58.0939391
27057 27041         85.1998845
27057 27153         71.7928434
27057 27097         81.9964112
27057 27111         61.3345076
27057 27035         59.1527823
27057 27159         36.3705954
27057 27001         79.1195911
27057 27087         44.6366399
27057 27107         73.8572118
27057 27029         39.0460821
27057 27061         66.2799633
27057 27167         89.9894268
27057 27021         29.9740435
27057 27005         37.7496216
27057 27027         75.6322951
27057 27113         84.1672286
27057 27007         59.8351117
27057 27125         76.3397707
27057 27119         83.1359173
16009 16061         68.6356139
16009 53003         75.0712976
16009 16069         62.0604393
16009 53013          86.542542
16009 53023         68.4475578
16009 16035         60.5021986
16009 16057         27.9888015
16009 30061         78.0419486
16009 16079         37.1011026
16009 30089         77.8729493
16009 53075         46.0596879
16009 53043          85.978115
16009 53063         44.8008137
16009 16055         31.6787902
16009 16017         74.7780588
30109 38089         75.9512111
30109 38011         68.7444048
30109 30025         44.6899663
30109 38087         52.0597498
30109 30017         80.0627255
30109 30079         53.9307427
30109 38007         41.1899854
30109 38033         19.0570889
30109 30083         58.5500195
30109 38053         66.6129104
30109 38025         80.9591978
30109 30021         36.9220498
30109 30055         86.5115852
38033 38001          85.687972
38033 38089          56.901371
38033 38011         59.3284835
38033 38041         74.2908224
38033 30025          49.843009
38033 38087         38.6859211
38033 30079         72.5721924
38033 38007         22.9023076
38033 30109         19.0570889
38033 30083         67.7271252
38033 38053         59.4475511
38033 38025         64.4558323
38033 30021         54.5391982
38007 38001         76.0337941
38007 38089         37.1400469
38007 38011         63.6660104
38007 38041          59.636359
38007 30025         68.7239237
38007 38087         40.2232612
38007 38033         22.9023076
38007 30109         41.1899854
38007 38057         75.0248676
38007 30083         76.5828204
38007 38053         49.6309757
38007 38025         42.3135772
38007 30021         73.5146185
38093 38029         77.4752596
38093 38051          64.284841
38093 38047         43.6378873
38093 38021         64.0436519
38093 38045         41.3633361
38093 38073         71.5519389
38093 38031         33.1890281
38093 38039         47.3256542
38093 38091         66.6287865
38093 38097         90.5300391
38093 38015         71.1410678
38093 38043         38.8325921
38093 38003         41.9777529
38093 38017         80.7991676
38093 38081         87.4192023
38093 46089         84.7817463
38093 38083         76.9000811
38093 38063         74.3187365
38093 38103         53.4784196
38093 38027         51.1508177
38093 38005         77.7408075
38093 38071         89.6475057
38043 46021         84.4300188
38043 38085         84.9079373
38043 38029         52.7561089
38043 38051          62.244407
38043 38047         38.8745695
38043 38021         85.5346782
38043 38045         69.1631382
38043 38031         53.5919388
38043 38039         79.7086821
38043 38059         73.2216919
38043 38065         73.6745232
38043 38015         32.3085745
38043 38093         38.8325921
38043 38003         80.7683219
38043 46089         87.9341183
38043 38083         48.8863204
38043 38103         42.5356937
38043 38027          65.625257
38043 38069         88.1756307
38043 38005         77.8335941
38043 38055         84.1266213
38015 38037         70.2254394
38015 46021         85.5330059
38015 38085         65.8482858
38015 38029         49.1280658
38015 38051         77.2713046
38015 38047         59.0799665
38015 38031         81.4645775
38015 38059         42.5126784
38015 38065         41.9322025
38015 38043         32.3085745
38015 38093         71.1410678
38015 38083         41.8038619
38015 38103          56.783934
38015 38027         89.4441138
38015 38049         87.3328719
38015 38057         68.1368903
38015 38055         59.2083129
53053 53015         77.0453246
53053 53041         53.1104174
53053 53067         27.5074235
53053 53045         21.6704888
53053 53069         76.4089458
53053 53049          68.264931
53053 53027         48.7397905
53053 53033         47.0109853
53053 53035         21.6837158
53053 53031         50.1360664
53053 53009         74.9800059
53053 53061         71.1970579
53053 53029         58.9691877
38065 38037         54.4221053
38065 38001         90.5058877
38065 38085         70.8732865
38065 38029         77.5436093
38065 38059         27.6697443
38065 38089         65.7037639
38065 38015         41.9322025
38065 38043         73.6745232
38065 38041         71.3032059
38065 38083         56.1734682
